9.093146
9.177654
9.213460
9.235744
9.550652
10.931566
9.394270
8.631462
7.656826
7.370108


6.517762
8.678362
10.076746
10.345894
11.046480
11.335060
11.603778
17.273234
40.395486
41.265040


8.455834
11.247418
10.093674
13.650878
21.640208
22.326094
22.541876
29.545972
105.677858
103.285954


9.184958
14.729206
14.731348
25.342914
42.456950
34.630724
34.008074
61.757388
219.968260
292.176360


14.633484
13.018762
11.722124
11.254256
10.303890
9.536724
9.413708
9.099510
16.529476
92.834028


8.882428
8.579658
8.537310
8.169902
7.352274
6.838604
7.588014
6.658226
6.824224
71.780416


6.860620
6.755956
6.976002
6.663146
6.655308
6.661926
6.655192
7.140962
6.668440
66.254936


