9.102120,
9.335790,
9.248640,
9.202976,
9.332838,
9.621348,
9.346864,
9.963584,
8.032076,
9.000144,
10.466890,


9.093268,
11.874330,
11.334212,
10.710828,
11.590798,
11.750662,
12.705276,
25.194324,
44.580626,
40.025608,
55.663820,


9.093864,
12.346632,
11.951064,
14.852576,
29.216040,
28.376672,
24.154510,
45.031446,
129.267530,
105.968848,
134.827156,


9.102308,
14.740342,
14.813486,
15.104712,
46.556378,
39.616284,
36.151596,
45.555950,
215.900462,
216.547212,
3689.888406,


10.305334,
9.577306,
9.541198,
9.411836,
9.420966,
9.406928,
9.107880,
9.093694,
16.969826,
70.886048,
127.321106,


9.197872,
13.555874,
9.270926,
9.350764,
9.242606,
9.097932,
9.226394,
9.153626,
16.682912,
85.991012,
93.659854,


8.822288,
8.909128,
8.807666,
8.836646,
8.044616,
7.304866,
7.084678,
11.665274,
9.207546,
48.471650,
93.238410,


